   8.0321285e-02
   7.6433121e-02
   7.2289157e-02
   7.5566751e-02
   8.2191781e-02
   8.4626234e-02
   7.2639225e-02
   7.5662043e-02
   8.0536913e-02
   7.8023407e-02
   7.3260073e-02
   7.9470199e-02
   7.7220077e-02
   7.2992701e-02
   7.3529412e-02
   7.2992701e-02
   7.2904010e-02
   7.8947368e-02
   7.3891626e-02
   7.2028812e-02
   7.3982737e-02
   7.6335878e-02
   7.5566751e-02
   7.7821012e-02
   7.8843627e-02
   7.5757576e-02
   7.4074074e-02
   7.9365079e-02
   7.4812968e-02
   7.8226858e-02
   7.5093867e-02
   7.8023407e-02
   7.6142132e-02
   7.3349633e-02
   8.1190798e-02
   7.5566751e-02
   7.8226858e-02
   7.2376357e-02
   7.7319588e-02
   7.4534161e-02
   7.7021823e-02
   7.9155673e-02
   7.6335878e-02
   7.6142132e-02
   7.2289157e-02
   7.5662043e-02
   8.2191781e-02
   7.5662043e-02
   7.0422535e-02
   7.0754717e-02
   7.5187970e-02
   7.2551391e-02
   7.3529412e-02
   7.6923077e-02
   7.2463768e-02
   7.1770335e-02
   7.2992701e-02
   7.3710074e-02
   7.0588235e-02
   7.2639225e-02
   7.6726343e-02
   7.3891626e-02
   7.3349633e-02
   7.5282309e-02
   7.0921986e-02
   7.1942446e-02
   7.5853350e-02
   7.4257426e-02
   7.8125000e-02
   7.6238882e-02
   7.3081608e-02
   7.4257426e-02
   7.3710074e-02
   7.4626866e-02
   7.6923077e-02
   7.3439412e-02
   7.3439412e-02
   7.3982737e-02
   7.8636959e-02
   7.4534161e-02
   7.3349633e-02
   8.2872928e-02
   7.6335878e-02
   7.3349633e-02
   7.5949367e-02
   6.8807339e-02
   7.3982737e-02
   7.7319588e-02
   7.4257426e-02
   7.6824584e-02
   7.6824584e-02
   7.5282309e-02
   7.7120823e-02
   8.0000000e-02
   7.4626866e-02
   7.4441687e-02
   7.5187970e-02
   7.6824584e-02
   7.5662043e-02
   7.7220077e-02
   7.2727273e-02
   7.5853350e-02
   7.5949367e-02
   7.2202166e-02
   7.4257426e-02
   7.9787234e-02
   7.2727273e-02
   7.1174377e-02
   7.4165637e-02
   7.6726343e-02
   7.9155673e-02
   7.2815534e-02
   7.4257426e-02
   7.4257426e-02
   7.3619632e-02
   7.1942446e-02
   7.3439412e-02
   7.4626866e-02
   6.7415730e-02
   7.7922078e-02
   7.7720207e-02
   7.4626866e-02
   7.3081608e-02
   7.8843627e-02
   7.6530612e-02
   7.5662043e-02
   7.5757576e-02
   7.3260073e-02
   6.9930070e-02
   7.6045627e-02
   7.2463768e-02
   7.3081608e-02
   7.1942446e-02
   7.1343639e-02
   7.5187970e-02
   7.5566751e-02
   7.6923077e-02
   7.5757576e-02
   7.2904010e-02
   7.5187970e-02
   7.8023407e-02
   7.6628352e-02
   7.8125000e-02
   7.2815534e-02
   7.7220077e-02
   7.5662043e-02
   7.7821012e-02
   7.6142132e-02
   6.9848661e-02
   7.0921986e-02
   7.5949367e-02
   7.5566751e-02
   7.8226858e-02
   7.6628352e-02
   7.6824584e-02
   7.8328982e-02
   7.4165637e-02
   7.2289157e-02
   7.1599045e-02
   7.6045627e-02
   7.2904010e-02
   7.4441687e-02
   7.6530612e-02
   7.1599045e-02
   6.9364162e-02
   7.4719801e-02
   7.4165637e-02
   7.5187970e-02
   8.0000000e-02
   6.7950170e-02
   7.2727273e-02
   7.7021823e-02
   7.5187970e-02
   7.4812968e-02
   7.7319588e-02
   7.6726343e-02
   7.1258907e-02
   8.0000000e-02
   7.5000000e-02
   7.5000000e-02
   7.4719801e-02
   7.7922078e-02
   7.7720207e-02
   7.6238882e-02
   7.2904010e-02
   7.1942446e-02
   7.2202166e-02
   7.5376884e-02
   7.4349442e-02
   6.9284065e-02
   8.2079343e-02
   7.2904010e-02
   7.2376357e-02
   7.7619664e-02
   7.1856287e-02
   7.2289157e-02
   7.4906367e-02
   7.2202166e-02
   7.1856287e-02
   7.5853350e-02
   7.6142132e-02
   7.1174377e-02
   7.3619632e-02
   7.8023407e-02
   7.7419355e-02
   7.8534031e-02
   7.4441687e-02
   7.5471698e-02
   7.3982737e-02
   7.4906367e-02
   7.3891626e-02
   7.5000000e-02
   7.5093867e-02
   8.0000000e-02
   7.9681275e-02
   7.6923077e-02
   7.6433121e-02
   6.9605568e-02
   7.2463768e-02
   7.8023407e-02
   7.6628352e-02
   7.3170732e-02
   7.4165637e-02
   7.5662043e-02
   7.4906367e-02
   7.4719801e-02
   7.2289157e-02
   7.4441687e-02
   7.3619632e-02
   7.2815534e-02
   7.4074074e-02
   7.0838253e-02
   7.3260073e-02
   7.3982737e-02
   7.6628352e-02
   7.4349442e-02
   7.7619664e-02
   7.5566751e-02
   7.2992701e-02
   7.3529412e-02
   7.4906367e-02
   7.3891626e-02
   7.7519380e-02
   7.6335878e-02
   7.4719801e-02
   7.3529412e-02
   7.7021823e-02
   8.0428954e-02
   7.3529412e-02
   7.8431373e-02
   7.4074074e-02
   7.6238882e-02
   7.4719801e-02
   7.5282309e-02
   7.2115385e-02
   7.4906367e-02
   7.3619632e-02
   7.4165637e-02
   7.4165637e-02
   7.9681275e-02
   7.2551391e-02
   7.8843627e-02
   7.3891626e-02
   8.0862534e-02
   7.3529412e-02
   7.4349442e-02
   7.3891626e-02
   7.6238882e-02
   7.0754717e-02
   7.2463768e-02
   7.7319588e-02
   7.8023407e-02
   7.8226858e-02
   7.4812968e-02
   7.4074074e-02
   7.3619632e-02
   7.8023407e-02
   7.8947368e-02
   7.6142132e-02
   7.4257426e-02
   7.4074074e-02
   8.0428954e-02
   7.3891626e-02
   7.2376357e-02
   7.7821012e-02
   7.7519380e-02
   7.5853350e-02
   7.6530612e-02
   7.1005917e-02
   7.6726343e-02
   7.5376884e-02
   7.4906367e-02
   7.2992701e-02
   7.5471698e-02
   7.0422535e-02
   7.4257426e-02
   7.7619664e-02
   7.5757576e-02
   7.5566751e-02
   7.6530612e-02
   7.6628352e-02
   7.3260073e-02
   7.9155673e-02
   7.4626866e-02
   7.6238882e-02
   7.7821012e-02
   7.3619632e-02
   7.1005917e-02
   7.7922078e-02
   7.6628352e-02
   7.7021823e-02
   7.6923077e-02
   7.2202166e-02
   7.8947368e-02
   7.5757576e-02
   7.4626866e-02
   7.0671378e-02
   7.3982737e-02
   7.3619632e-02
   6.8571429e-02
   7.3891626e-02
   7.0093458e-02
   7.0588235e-02
   7.7120823e-02
   7.2992701e-02
   7.2904010e-02
   7.6045627e-02
   7.4534161e-02
   7.6824584e-02
   7.5376884e-02
   8.0428954e-02
   7.4906367e-02
   7.2904010e-02
   7.4719801e-02
   7.6726343e-02
   7.6824584e-02
   7.8023407e-02
   8.1081081e-02
   7.8636959e-02
   7.2992701e-02
   7.1258907e-02
   7.5566751e-02
   7.2202166e-02
   7.5187970e-02
   7.4074074e-02
   7.5471698e-02
   7.3800738e-02
   7.4165637e-02
   7.5187970e-02
   7.6923077e-02
   8.0106809e-02
   7.7922078e-02
   7.4349442e-02
   7.5187970e-02
   7.6726343e-02
   7.0754717e-02
   7.1770335e-02
   7.3619632e-02
   7.1090047e-02
   7.7120823e-02
   7.7922078e-02
   7.5000000e-02
   7.4626866e-02
   7.5566751e-02
   7.3710074e-02
   7.7220077e-02
   7.3891626e-02
   7.2727273e-02
   7.8125000e-02
   7.1174377e-02
   7.4906367e-02
   8.0645161e-02
   7.3800738e-02
   7.4165637e-02
   7.6142132e-02
   7.7720207e-02
   7.2904010e-02
   8.0106809e-02
   7.3982737e-02
   7.3260073e-02
   7.6923077e-02
   6.8886338e-02
   7.5757576e-02
   7.5093867e-02
   7.5662043e-02
   7.7519380e-02
   7.3260073e-02
   7.6045627e-02
   7.2639225e-02
   7.0588235e-02
   7.4074074e-02
   7.7319588e-02
   7.2463768e-02
   7.0257611e-02
   8.2417582e-02
   7.3170732e-02
   7.2289157e-02
   7.6335878e-02
   7.5757576e-02
   7.8023407e-02
   7.2115385e-02
   8.0213904e-02
   7.0754717e-02
   7.4257426e-02
   7.6923077e-02
   7.5662043e-02
   7.3170732e-02
   7.0175439e-02
   7.5000000e-02
   7.5853350e-02
   7.3529412e-02
   7.3800738e-02
   7.2463768e-02
   7.0588235e-02
   7.3982737e-02
   7.6335878e-02
   7.6923077e-02
   7.3349633e-02
   7.7821012e-02
   7.5000000e-02
   7.7519380e-02
   7.2992701e-02
   7.6530612e-02
   7.3349633e-02
   6.9204152e-02
   7.3170732e-02
   7.5471698e-02
   7.2115385e-02
   7.7419355e-02
   7.0921986e-02
   7.5662043e-02
   7.5000000e-02
   7.5662043e-02
   7.3081608e-02
   7.1770335e-02
   7.2376357e-02
   7.3260073e-02
   7.4074074e-02
   7.7120823e-02
   7.1513707e-02
   7.0505288e-02
   7.8431373e-02
   7.1684588e-02
   7.6238882e-02
   7.1684588e-02
   7.5853350e-02
   7.5757576e-02
   8.0645161e-02
   7.6238882e-02
   7.4626866e-02
   7.5471698e-02
   7.2551391e-02
   7.3081608e-02
   7.8125000e-02
   7.2115385e-02
   7.6530612e-02
   7.2115385e-02
   7.9470199e-02
   7.5471698e-02
   7.2815534e-02
   7.3529412e-02
   7.9051383e-02
   7.5000000e-02
   7.7319588e-02
   7.7220077e-02
   7.1856287e-02
   7.2904010e-02
   7.4441687e-02
   7.1684588e-02
   7.5566751e-02
   7.7021823e-02
   7.1258907e-02
   7.4074074e-02
   7.3439412e-02
   7.5757576e-02
   7.5187970e-02
   7.4349442e-02
   7.5662043e-02
   7.5093867e-02
   7.6530612e-02
   7.9893475e-02
   8.1632653e-02
   7.3982737e-02
   7.4074074e-02
   7.3081608e-02
   7.6530612e-02
   7.6530612e-02
   7.5000000e-02
   7.6923077e-02
   7.9051383e-02
   7.5949367e-02
   7.6238882e-02
   7.4074074e-02
   8.0536913e-02
   7.5376884e-02
   7.2815534e-02
   7.4534161e-02
   7.2376357e-02
   7.2992701e-02
   7.7821012e-02
   7.9365079e-02
   7.6726343e-02
   7.9260238e-02
   7.8328982e-02
   7.2289157e-02
   7.7220077e-02
   7.2727273e-02
   7.5566751e-02
   7.4074074e-02
   6.9364162e-02
   7.9365079e-02
   7.6628352e-02
   7.3710074e-02
   7.5376884e-02
   7.5376884e-02
   7.2815534e-02
   8.2304527e-02
   7.4626866e-02
   7.8947368e-02
   7.1942446e-02
   7.2289157e-02
   7.7120823e-02
   8.0971660e-02
   7.5093867e-02
   7.3710074e-02
   7.1513707e-02
   7.4812968e-02
   7.3891626e-02
   7.8328982e-02
   7.5853350e-02
   7.7419355e-02
   7.6142132e-02
   7.3710074e-02
   7.5662043e-02
   7.6433121e-02
   7.6530612e-02
   7.4165637e-02
   7.3710074e-02
   7.8740157e-02
   8.1300813e-02
   7.5662043e-02
   7.4165637e-02
   7.6433121e-02
   7.7220077e-02
   7.7619664e-02
   7.9260238e-02
   7.5282309e-02
   7.6824584e-02
   7.2904010e-02
   7.3439412e-02
   7.3891626e-02
   7.8328982e-02
   7.9260238e-02
   7.2028812e-02
   7.4074074e-02
   7.7922078e-02
   7.0921986e-02
   7.7419355e-02
   7.3349633e-02
   7.0093458e-02
   7.5662043e-02
   7.1942446e-02
   7.3260073e-02
   7.5949367e-02
   7.6824584e-02
   7.3619632e-02
   7.9470199e-02
   7.5757576e-02
   7.6530612e-02
   7.7519380e-02
   7.8328982e-02
   7.6045627e-02
   7.3170732e-02
   7.9575597e-02
   7.4906367e-02
   7.2727273e-02
   7.3439412e-02
   7.7519380e-02
   7.3260073e-02
   7.5566751e-02
   7.0339977e-02
   7.6628352e-02
   7.1599045e-02
   7.7821012e-02
   7.4349442e-02
   7.4074074e-02
   7.1856287e-02
   8.2758621e-02
   7.6238882e-02
   7.9155673e-02
   7.5282309e-02
   7.7619664e-02
   7.3439412e-02
   7.3891626e-02
   8.2644628e-02
   7.7419355e-02
   7.7519380e-02
   7.6335878e-02
   7.7021823e-02
   7.1090047e-02
   7.6045627e-02
   7.5853350e-02
   7.3800738e-02
   7.3081608e-02
   7.3170732e-02
   7.8125000e-02
   7.9787234e-02
   7.0505288e-02
   7.7220077e-02
   7.5187970e-02
   7.6045627e-02
   7.3891626e-02
   7.3439412e-02
   7.6238882e-02
   7.6335878e-02
   8.0321285e-02
   7.5757576e-02
   7.7319588e-02
   7.6433121e-02
   7.5662043e-02
   7.4534161e-02
   7.4257426e-02
   7.2992701e-02
   7.4349442e-02
   7.7922078e-02
   7.4074074e-02
   7.3349633e-02
   7.4534161e-02
   8.0213904e-02
   7.6433121e-02
   7.5282309e-02
   7.7021823e-02
   7.6628352e-02
   7.4441687e-02
   7.5093867e-02
   7.9260238e-02
   8.1743869e-02
   7.5853350e-02
   8.3916084e-02
   7.2202166e-02
   7.2815534e-02
   7.4719801e-02
   7.9787234e-02
   7.7319588e-02
   7.5853350e-02
   7.4812968e-02
   7.2551391e-02
   7.8534031e-02
   7.5000000e-02
   7.2463768e-02
   7.5566751e-02
   8.2191781e-02
   7.7120823e-02
   7.6045627e-02
   7.3260073e-02
   7.3800738e-02
   7.2639225e-02
   8.0862534e-02
   7.4257426e-02
   7.8226858e-02
   7.4906367e-02
   7.3710074e-02
   8.0971660e-02
   7.2904010e-02
   7.3800738e-02
   7.3529412e-02
   7.3439412e-02
   7.4349442e-02
   7.5949367e-02
   7.3439412e-02
   7.6433121e-02
   7.7319588e-02
   7.7120823e-02
   6.9444444e-02
   6.9444444e-02
   7.2815534e-02
   7.4906367e-02
   7.3439412e-02
   7.6433121e-02
   7.4719801e-02
   7.5093867e-02
   7.4441687e-02
   7.4906367e-02
   7.8947368e-02
   7.3800738e-02
   7.3260073e-02
   7.8328982e-02
   7.7922078e-02
   7.3170732e-02
   7.6335878e-02
   7.6628352e-02
   7.6142132e-02
   7.5471698e-02
   7.7419355e-02
   7.5853350e-02
   7.3529412e-02
   7.6923077e-02
   7.4534161e-02
   7.5757576e-02
   7.5757576e-02
   7.5093867e-02
   7.5853350e-02
   7.5093867e-02
   7.8226858e-02
   7.8023407e-02
   7.3891626e-02
   7.3081608e-02
   7.2727273e-02
   7.3982737e-02
   7.1005917e-02
   7.5757576e-02
   7.5662043e-02
   7.7120823e-02
   6.9524913e-02
   7.2815534e-02
   7.4349442e-02
   7.5093867e-02
   7.6923077e-02
   7.8947368e-02
   7.6142132e-02
   7.5376884e-02
   8.0536913e-02
   7.9893475e-02
   7.4906367e-02
   7.1090047e-02
   7.6238882e-02
   7.4165637e-02
   7.6045627e-02
   7.6824584e-02
   7.4074074e-02
   7.7922078e-02
   7.4626866e-02
   7.5376884e-02
   7.2115385e-02
   7.5949367e-02
   7.4165637e-02
   7.3619632e-02
   7.3619632e-02
   7.2904010e-02
   7.2992701e-02
   7.3710074e-02
   7.3619632e-02
   7.1684588e-02
   7.2992701e-02
   7.5757576e-02
   7.7720207e-02
   7.4441687e-02
   7.3081608e-02
   7.1513707e-02
   7.2028812e-02
   7.0175439e-02
   8.0321285e-02
   7.4719801e-02
   7.4165637e-02
   7.2463768e-02
   7.4074074e-02
   7.1090047e-02
   7.3800738e-02
   7.8843627e-02
   7.7519380e-02
   7.6045627e-02
   7.3260073e-02
   7.4719801e-02
   7.5853350e-02
   7.2202166e-02
   7.5662043e-02
   7.5282309e-02
   7.3619632e-02
   7.4074074e-02
   7.0921986e-02
   7.8636959e-02
   7.5000000e-02
   7.3710074e-02
   7.6530612e-02
   7.5566751e-02
   7.5187970e-02
   7.3619632e-02
   8.5106383e-02
   7.6433121e-02
   7.3349633e-02
   7.6923077e-02
   7.4165637e-02
   7.2202166e-02
   7.6433121e-02
   7.6142132e-02
   7.5757576e-02
   7.5093867e-02
   7.0257611e-02
   7.4165637e-02
   7.3982737e-02
   7.2289157e-02
   7.4349442e-02
   7.7619664e-02
   7.3800738e-02
   7.7720207e-02
   7.8431373e-02
   7.5187970e-02
   7.7220077e-02
   7.5853350e-02
   7.4441687e-02
   7.0093458e-02
   7.7922078e-02
   7.5853350e-02
   7.3260073e-02
   7.4165637e-02
   7.5471698e-02
   7.1599045e-02
   7.4719801e-02
   7.1856287e-02
   7.7021823e-02
   7.4906367e-02
   7.3529412e-02
   7.5187970e-02
   7.4906367e-02
   7.3349633e-02
   7.9155673e-02
   7.6726343e-02
   7.8226858e-02
   7.9155673e-02
   7.4906367e-02
   6.9848661e-02
   7.4906367e-02
   7.6824584e-02
   7.1174377e-02
   7.5949367e-02
   8.0321285e-02
   7.4349442e-02
   7.2727273e-02
   7.5949367e-02
   7.6530612e-02
   7.6433121e-02
   7.4257426e-02
   7.1513707e-02
   7.3982737e-02
   7.9365079e-02
   7.4906367e-02
   7.8431373e-02
   7.5662043e-02
   7.0175439e-02
   7.5471698e-02
   7.4165637e-02
   7.3982737e-02
   7.3982737e-02
   7.4074074e-02
   7.4074074e-02
   7.3529412e-02
   7.6045627e-02
   7.1428571e-02
   7.6628352e-02
   7.5757576e-02
   7.2551391e-02
   7.4534161e-02
   7.9681275e-02
   7.5282309e-02
   7.6045627e-02
   7.6045627e-02
   7.0588235e-02
   7.3529412e-02
   7.2992701e-02
   8.2191781e-02
   7.5566751e-02
   8.1300813e-02
   7.5376884e-02
   7.6045627e-02
   7.3982737e-02
   7.5471698e-02
   7.4257426e-02
   7.7021823e-02
   7.6238882e-02
   7.4906367e-02
   7.3891626e-02
   7.7021823e-02
   7.4165637e-02
   7.5376884e-02
   7.3439412e-02
   7.2992701e-02
   7.5949367e-02
   6.9605568e-02
   7.4349442e-02
   7.7922078e-02
   7.6335878e-02
   7.6530612e-02
   7.6335878e-02
   7.5757576e-02
   7.2992701e-02
   7.0754717e-02
   7.0754717e-02
   7.4812968e-02
   7.4349442e-02
   7.2289157e-02
   7.5282309e-02
   7.6433121e-02
   7.6530612e-02
   7.6142132e-02
   8.0536913e-02
   7.3710074e-02
   7.6824584e-02
   7.3619632e-02
   7.7419355e-02
   7.5471698e-02
   7.1428571e-02
   7.2115385e-02
   7.2376357e-02
   7.7120823e-02
   7.2992701e-02
   7.5000000e-02
   7.3260073e-02
   7.7619664e-02
   7.3529412e-02
   7.0754717e-02
   7.4165637e-02
   7.8947368e-02
   7.4165637e-02
   7.1428571e-02
   7.7120823e-02
   7.5187970e-02
   7.5949367e-02
   7.5662043e-02
   7.5566751e-02
   7.4165637e-02
   7.4812968e-02
   7.6628352e-02
   7.1856287e-02
   6.7340067e-02
   6.9686411e-02
   7.8740157e-02
   7.3619632e-02
   7.3891626e-02
   7.2727273e-02
   7.6335878e-02
   7.5949367e-02
   7.2202166e-02
   7.6142132e-02
   7.7619664e-02
   7.2727273e-02
   7.3439412e-02
   7.1343639e-02
   7.5471698e-02
   7.9260238e-02
   7.5853350e-02
   7.7619664e-02
   7.6433121e-02
   7.4441687e-02
   8.3449235e-02
   8.2758621e-02
   7.4906367e-02
   7.4719801e-02
   7.5471698e-02
   7.6726343e-02
   7.1343639e-02
   7.2992701e-02
   7.3439412e-02
   7.4257426e-02
   7.2815534e-02
   6.9444444e-02
   7.6142132e-02
   7.7619664e-02
   7.7619664e-02
   7.4074074e-02
   7.2815534e-02
   7.9787234e-02
   7.6726343e-02
   7.8125000e-02
   7.4257426e-02
   7.4349442e-02
   7.8125000e-02
   7.3260073e-02
   7.1428571e-02
   7.4812968e-02
   7.7120823e-02
   7.4074074e-02
   7.4441687e-02
   7.0093458e-02
   7.1856287e-02
   7.7120823e-02
   7.6045627e-02
   7.5949367e-02
   7.8125000e-02
   7.4812968e-02
   7.6335878e-02
   7.7619664e-02
   7.5853350e-02
   7.4165637e-02
   7.5853350e-02
   7.7021823e-02
   7.5566751e-02
   7.1428571e-02
   7.4074074e-02
   6.9605568e-02
   7.2639225e-02
   7.2992701e-02
   7.3170732e-02
   7.4257426e-02
   7.2815534e-02
   7.6530612e-02
   7.3710074e-02
   7.0422535e-02
   7.7319588e-02
   7.7720207e-02
   7.6433121e-02
   7.6142132e-02
   7.5093867e-02
   7.3982737e-02
   7.2992701e-02
   8.2530949e-02
   8.0213904e-02
   7.3439412e-02
   7.4074074e-02
   7.8740157e-02
   7.9260238e-02
   7.4812968e-02
   7.6142132e-02
   7.8125000e-02
   7.3619632e-02
   7.6045627e-02
   7.7720207e-02
   7.6433121e-02
   7.6824584e-02
   7.5187970e-02
   7.0921986e-02
   8.1411126e-02
   7.6726343e-02
   7.5949367e-02
   7.5949367e-02
   7.3170732e-02
   7.3800738e-02
   7.7821012e-02
   7.2463768e-02
   7.6238882e-02
   7.9893475e-02
   7.7120823e-02
   7.5187970e-02
   7.8125000e-02
   8.0321285e-02
   7.4257426e-02
   7.8226858e-02
   7.4719801e-02
   7.3619632e-02
   7.6824584e-02
   7.6142132e-02
   7.3891626e-02
   7.6045627e-02
   7.7220077e-02
   7.4441687e-02
   7.8843627e-02
   6.9364162e-02
   7.6045627e-02
   7.8328982e-02
   6.9767442e-02
   7.4257426e-02
   7.6142132e-02
   7.2904010e-02
   7.8534031e-02
   7.7821012e-02
   7.7419355e-02
   7.9470199e-02
   7.0505288e-02
   7.3619632e-02
   7.2639225e-02
   7.7021823e-02
   7.4906367e-02
   7.4906367e-02
   7.1428571e-02
   7.3260073e-02
   7.7619664e-02
   7.8534031e-02
   7.3349633e-02
   7.7120823e-02
   7.5757576e-02
   7.0754717e-02
   7.6923077e-02
   7.3982737e-02
   7.5757576e-02
   7.8843627e-02
   7.7619664e-02
   7.5093867e-02
   7.8226858e-02
   7.8023407e-02
   7.2463768e-02
   7.7720207e-02
   7.6530612e-02
   7.5566751e-02
   7.2992701e-02
   7.5000000e-02
   7.0671378e-02
   7.6335878e-02
   7.3891626e-02
   7.2815534e-02
   7.5662043e-02
   7.2115385e-02
   7.5662043e-02
   7.4626866e-02
   7.7120823e-02
   8.1081081e-02
   6.9686411e-02
   7.4719801e-02
   7.2463768e-02
   7.7021823e-02
   7.5376884e-02
   7.3982737e-02
   7.5376884e-02
   7.3439412e-02
   7.1343639e-02
   7.8328982e-02
   7.7720207e-02
   7.4534161e-02
   7.2551391e-02
   7.3260073e-02
   7.2463768e-02
   7.6628352e-02
   7.2904010e-02
   8.0645161e-02
   7.5471698e-02
   7.0175439e-02
   8.1632653e-02
   7.3349633e-02
   7.7120823e-02
   7.1684588e-02
   7.5093867e-02
   7.5093867e-02
   7.2727273e-02
   7.1684588e-02
   7.3891626e-02
   7.3439412e-02
   7.6433121e-02
   7.0754717e-02
   7.7619664e-02
   7.2727273e-02
   7.6530612e-02
   7.1684588e-02
   7.7922078e-02
   7.5282309e-02
   7.2376357e-02
   7.5093867e-02
   7.6726343e-02
   7.3619632e-02
   7.2551391e-02
   7.2639225e-02
   7.7519380e-02
   7.4165637e-02
   7.4165637e-02
   7.4719801e-02
   7.3170732e-02
   7.8431373e-02
   7.5471698e-02
   7.2202166e-02
   7.9893475e-02
   7.3891626e-02
   7.4906367e-02
   7.3529412e-02
   7.5949367e-02
   7.5187970e-02
   7.2115385e-02
   7.0257611e-02
   8.1632653e-02
   7.3982737e-02
   7.4534161e-02
   7.6335878e-02
   7.2376357e-02
   7.2551391e-02
   7.3439412e-02
   7.8740157e-02
   7.4626866e-02
   7.3891626e-02
   7.4719801e-02
   7.2904010e-02
   7.1942446e-02
   7.7821012e-02
   7.9155673e-02
   7.5757576e-02
   7.7821012e-02
   7.3891626e-02
   7.4906367e-02
   7.4812968e-02
   7.4719801e-02
   7.6530612e-02
   7.3349633e-02
   7.5093867e-02
   7.2028812e-02
   7.3800738e-02
   7.5187970e-02
   7.6045627e-02
   7.1856287e-02
   7.4906367e-02
   7.1174377e-02
   7.4626866e-02
   7.6238882e-02
   7.8431373e-02
   6.9524913e-02
   7.2115385e-02
   7.3800738e-02
   7.2639225e-02
   7.7319588e-02
   7.6045627e-02
   7.5566751e-02
   8.0645161e-02
   7.4534161e-02
   7.2551391e-02
   8.0645161e-02
   7.2815534e-02
   7.7120823e-02
   7.7319588e-02
   7.4349442e-02
   7.7021823e-02
   7.2115385e-02
   7.5949367e-02
   7.5282309e-02
   7.4441687e-02
   7.5471698e-02
   7.8023407e-02
   7.2551391e-02
   7.8328982e-02
   7.4534161e-02
   7.5662043e-02
   7.3800738e-02
   7.5000000e-02
   7.5471698e-02
   7.7220077e-02
   7.1343639e-02
   7.5376884e-02
   7.4812968e-02
   6.9767442e-02
   7.3439412e-02
   7.4719801e-02
   7.7021823e-02
   7.3260073e-02
   7.5853350e-02
   7.3081608e-02
   7.6238882e-02
   7.8636959e-02
   7.4812968e-02
   8.0000000e-02
   7.5757576e-02
   7.5757576e-02
   7.7419355e-02
   7.7519380e-02
   7.8740157e-02
   7.0175439e-02
   7.3081608e-02
   7.4165637e-02
   7.5853350e-02
   7.2992701e-02
   7.5187970e-02
   7.1942446e-02
   7.4534161e-02
   7.7821012e-02
   7.2639225e-02
   7.5853350e-02
   7.2289157e-02
   7.7220077e-02
   7.4257426e-02
   7.5949367e-02
   7.7419355e-02
   7.3619632e-02
   7.2904010e-02
   7.2815534e-02
   7.2815534e-02
   7.4441687e-02
   7.8125000e-02
   7.3260073e-02
   7.5093867e-02
   7.5853350e-02
   7.4441687e-02
   7.4906367e-02
   7.5000000e-02
   7.4812968e-02
   7.4257426e-02
   7.6628352e-02
   7.2115385e-02
   7.5471698e-02
   7.0588235e-02
   7.4165637e-02
   7.1343639e-02
   7.6045627e-02
   7.5757576e-02
   7.4812968e-02
   7.6238882e-02
   7.5757576e-02
   7.1174377e-02
   7.3349633e-02
   7.9575597e-02
   7.3260073e-02
   7.6045627e-02
   7.4165637e-02
   7.6628352e-02
   7.4626866e-02
   7.4812968e-02
   7.5853350e-02
   7.2815534e-02
   7.8636959e-02
   7.7120823e-02
   7.6045627e-02
   8.0000000e-02
   7.6433121e-02
   7.4165637e-02
   7.7319588e-02
   7.9155673e-02
   7.4534161e-02
   7.2815534e-02
   7.8740157e-02
   7.4626866e-02
   7.4719801e-02
   6.8104427e-02
   7.3349633e-02
   7.4906367e-02
   7.3710074e-02
   7.3081608e-02
   7.3170732e-02
   7.0754717e-02
   7.5187970e-02
   7.6238882e-02
   7.6433121e-02
   8.1190798e-02
   7.6335878e-02
   7.3439412e-02
   7.9681275e-02
   7.5000000e-02
   7.2727273e-02
   7.4349442e-02
   7.3439412e-02
   7.4626866e-02
   7.5853350e-02
   7.4534161e-02
   7.8328982e-02
   7.6045627e-02
   7.5093867e-02
   8.1081081e-02
   7.8431373e-02
   7.1513707e-02
   7.9470199e-02
   7.3349633e-02
   7.4534161e-02
   7.5662043e-02
   7.2028812e-02
   7.2376357e-02
   7.5282309e-02
   7.3260073e-02
   7.9787234e-02
   7.6628352e-02
   7.4719801e-02
   7.2028812e-02
   8.1743869e-02
   6.9605568e-02
   7.7120823e-02
   7.4074074e-02
   7.4626866e-02
   7.9155673e-02
   7.2551391e-02
   7.1343639e-02
   7.8431373e-02
   7.3439412e-02
   8.1081081e-02
   7.2727273e-02
   7.3891626e-02
   7.4441687e-02
   7.4349442e-02
   7.6238882e-02
   7.8843627e-02
   7.6628352e-02
   7.2463768e-02
   7.0257611e-02
   7.6433121e-02
   7.1513707e-02
   7.4626866e-02
   7.1942446e-02
   7.4165637e-02
   7.3529412e-02
   7.3170732e-02
   7.4812968e-02
   7.2815534e-02
   7.3260073e-02
   7.5566751e-02
   7.6726343e-02
   7.6923077e-02
   8.0000000e-02
   7.5566751e-02
   7.2376357e-02
   7.4719801e-02
   7.5282309e-02
   7.4812968e-02
   7.5662043e-02
   7.4626866e-02
   7.4812968e-02
   7.2551391e-02
   7.7619664e-02
   7.4812968e-02
   7.4626866e-02
   7.5282309e-02
   7.4719801e-02
   7.2289157e-02
   7.6923077e-02
   7.8947368e-02
   7.1856287e-02
   7.8534031e-02
   7.6923077e-02
   7.6433121e-02
   7.7519380e-02
   7.2992701e-02
   7.5093867e-02
   7.3529412e-02
   7.6726343e-02
   8.1632653e-02
   7.4812968e-02
   7.2815534e-02
   7.6238882e-02
   7.7720207e-02
   7.4626866e-02
   7.5000000e-02
   7.6335878e-02
   7.8636959e-02
   7.3982737e-02
   7.8023407e-02
   7.2992701e-02
   7.4719801e-02
   7.4906367e-02
   7.6628352e-02
   7.2028812e-02
   7.3529412e-02
   7.0921986e-02
   7.2551391e-02
   8.0428954e-02
   7.4349442e-02
   7.9051383e-02
   7.8947368e-02
   7.5662043e-02
   7.9681275e-02
   7.2815534e-02
   7.0754717e-02
   7.8125000e-02
   7.2992701e-02
   7.2639225e-02
   7.2289157e-02
   7.8328982e-02
   7.5376884e-02
   7.8226858e-02
   7.5471698e-02
   7.4441687e-02
   7.4534161e-02
   7.4534161e-02
   7.6335878e-02
   7.7220077e-02
   7.5662043e-02
   7.5853350e-02
   7.3982737e-02
   7.8328982e-02
   7.9260238e-02
   7.5757576e-02
   7.7821012e-02
   7.4349442e-02
   7.5853350e-02
   7.2115385e-02
   6.8181818e-02
   7.1770335e-02
   7.9470199e-02
   8.0321285e-02
   7.4812968e-02
   7.4349442e-02
   6.7950170e-02
   7.5949367e-02
   8.1967213e-02
   7.4534161e-02
   7.7922078e-02
   7.3619632e-02
   7.2202166e-02
   7.1942446e-02
   7.6335878e-02
   7.9365079e-02
   7.6530612e-02
   7.7319588e-02
   7.7821012e-02
   7.6628352e-02
   7.5282309e-02
   7.1005917e-02
   7.3891626e-02
   7.5000000e-02
   7.5093867e-02
   7.1599045e-02
   7.6726343e-02
   7.7220077e-02
   7.7922078e-02
   7.0671378e-02
   7.7220077e-02
   7.2639225e-02
   7.5566751e-02
   7.2376357e-02
   7.4165637e-02
   7.1770335e-02
   7.8226858e-02
   7.5853350e-02
   7.3891626e-02
   7.4626866e-02
   7.5949367e-02
   7.3439412e-02
   8.1081081e-02
   7.3619632e-02
   7.4349442e-02
   8.0000000e-02
   7.1258907e-02
   6.9767442e-02
   7.2992701e-02
   7.6923077e-02
   7.2904010e-02
   7.6530612e-02
   7.7419355e-02
   7.7821012e-02
   7.2202166e-02
   7.6824584e-02
   7.3529412e-02
   7.1599045e-02
   7.5566751e-02
   7.2815534e-02
   7.4349442e-02
   7.3529412e-02
   7.7021823e-02
   7.4349442e-02
   7.4812968e-02
   7.2289157e-02
   7.3349633e-02
   7.1174377e-02
   7.6628352e-02
   7.4906367e-02
   8.3333333e-02
   7.4349442e-02
   7.6335878e-02
   7.4074074e-02
   7.1090047e-02
   6.9930070e-02
   7.7619664e-02
   7.1005917e-02
   7.5949367e-02
   7.7419355e-02
   8.0971660e-02
   7.3619632e-02
   6.9444444e-02
   6.9204152e-02
   7.4349442e-02
   6.9524913e-02
   7.4074074e-02
   7.5662043e-02
   7.4719801e-02
   7.8534031e-02
   7.4257426e-02
   7.5662043e-02
   7.6628352e-02
   7.4349442e-02
   7.6726343e-02
   7.0339977e-02
   7.8534031e-02
   7.3619632e-02
   7.2028812e-02
   7.4349442e-02
   7.5566751e-02
   7.5757576e-02
   7.1258907e-02
   7.9051383e-02
   6.9605568e-02
   7.5757576e-02
   7.7720207e-02
   7.3982737e-02
   7.6238882e-02
   7.5949367e-02
   7.8125000e-02
   7.3349633e-02
   7.5471698e-02
   7.5000000e-02
   7.1856287e-02
   8.0428954e-02
   7.4812968e-02
   7.7922078e-02
   7.7120823e-02
   7.8125000e-02
   7.0838253e-02
   7.8125000e-02
   7.7619664e-02
   7.8636959e-02
   7.2992701e-02
   7.2115385e-02
   7.7720207e-02
   7.5093867e-02
   7.6923077e-02
   7.5566751e-02
   7.8226858e-02
   7.7519380e-02
   7.5093867e-02
   7.5187970e-02
   7.3439412e-02
   7.8534031e-02
   7.5376884e-02
   7.4906367e-02
   7.5757576e-02
   7.8534031e-02
   7.4812968e-02
   6.9605568e-02
   7.1090047e-02
   7.5187970e-02
   7.3170732e-02
   7.8843627e-02
   7.2992701e-02
   7.5662043e-02
   7.2639225e-02
